  0.35471E+03
  0.30809E+03
  0.25303E+03
  0.19395E+03
  0.13018E+03
  0.52817E+02
 -0.99931E-01
 -0.41089E+02
 -0.94612E+02
 -0.14783E+03
 -0.17095E+03
 -0.15466E+03
 -0.10899E+03
 -0.40390E+02
  0.45576E+02
  0.13277E+03
  0.20426E+03
  0.24813E+03
  0.24954E+03
  0.21317E+03
  0.13839E+03
  0.36742E+02
 -0.76326E+02
 -0.18567E+03
 -0.25713E+03
 -0.29274E+03
 -0.29355E+03
 -0.27955E+03
 -0.25926E+03
 -0.23734E+03
 -0.21588E+03
 -0.20489E+03
 -0.21204E+03
 -0.20218E+03
 -0.19453E+03
 -0.17432E+03
 -0.13958E+02
 -0.11313E+02
 -0.89787E+01
 -0.72551E+01
 -0.62991E+01
 -0.61030E+01
 -0.65374E+01
 -0.74168E+01
 -0.85432E+01
 -0.97197E+01
 -0.10751E+02
 -0.11455E+02
 -0.11690E+02
 -0.11389E+02
 -0.10575E+02
 -0.93610E+01
 -0.79261E+01
 -0.64880E+01
 -0.52612E+01
 -0.54281E+01
 -0.83965E+01
 -0.13311E+02
 -0.21437E+02
 -0.32719E+02
 -0.46422E+02
 -0.45032E+02
 -0.13223E+02
  0.58373E+02
  0.15850E+03
  0.27443E+03
  0.38900E+03
  0.48938E+03
  0.54519E+03
  0.61772E+03
  0.64941E+03
  0.68650E+03
 -0.31934E+05
 -0.73918E+05
 -0.11401E+06
 -0.15339E+06
 -0.20491E+06
 -0.25311E+06
 -0.24567E+06
 -0.23207E+06
 -0.19901E+06
 -0.16037E+06
 -0.91411E+05
 -0.35220E+05
  0.21155E+05
  0.74638E+05
  0.11794E+06
  0.14995E+06
  0.17600E+06
  0.18522E+06
  0.18484E+06
  0.18127E+06
  0.17158E+06
  0.16013E+06
  0.15006E+06
  0.14518E+06
  0.13660E+06
  0.12391E+06
  0.11857E+06
  0.11434E+06
  0.10705E+06
  0.97694E+05
  0.85403E+05
  0.75528E+05
  0.68397E+05
  0.55146E+05
  0.45686E+05
  0.37023E+05
 -0.27449E+03
 -0.20686E+03
 -0.12923E+03
 -0.38664E+02
  0.59623E+02
  0.16127E+03
  0.25565E+03
  0.35525E+03
  0.42959E+03
  0.49430E+03
  0.54082E+03
  0.56510E+03
  0.58045E+03
  0.59203E+03
  0.56522E+03
  0.56710E+03
  0.56134E+03
  0.50474E+03
  0.45545E+03
  0.38597E+03
  0.31655E+03
  0.25111E+03
  0.18458E+03
  0.11713E+03
  0.72969E+02
  0.28408E+02
 -0.12463E+01
 -0.19337E+02
 -0.28998E+02
 -0.35162E+02
 -0.45352E+02
 -0.53344E+02
 -0.63183E+02
 -0.79181E+02
 -0.96579E+02
 -0.11735E+03
 -0.32314E+01
 -0.20152E+01
 -0.18456E+01
 -0.26208E+01
 -0.41276E+01
 -0.60747E+01
 -0.81611E+01
 -0.10156E+02
 -0.11929E+02
 -0.13426E+02
 -0.14613E+02
 -0.15451E+02
 -0.15893E+02
 -0.15901E+02
 -0.15454E+02
 -0.14541E+02
 -0.00000E+00
 -0.11210E+02
 -0.87286E+01
 -0.57310E+01
 -0.23651E+01
  0.11193E+01
  0.66559E+01
  0.19725E+02
  0.34033E+02
  0.66162E+02
  0.87924E+02
  0.10666E+03
  0.11705E+03
  0.13090E+03
  0.12639E+03
  0.14252E+03
  0.14233E+03
  0.14838E+03
  0.15375E+03
  0.14755E+03
  0.91107E+05
  0.73979E+05
  0.63655E+05
  0.54782E+05
  0.47268E+05
  0.37517E+05
  0.22219E+05
  0.18188E+04
 -0.24601E+05
 -0.58805E+05
 -0.99890E+05
 -0.14563E+06
 -0.18973E+06
 -0.21251E+06
 -0.21999E+06
 -0.20827E+06
 -0.18330E+06
 -0.15225E+06
 -0.12081E+06
 -0.87571E+05
 -0.55005E+05
 -0.31709E+05
 -0.17085E+05
 -0.12276E+05
 -0.19530E+05
 -0.31195E+05
 -0.44463E+05
 -0.59038E+05
 -0.68644E+05
 -0.78377E+05
 -0.95315E+05
 -0.97647E+05
 -0.90131E+05
 -0.85691E+05
 -0.77964E+05
 -0.71022E+05
  0.13871E+03
  0.12251E+03
  0.11275E+03
  0.11627E+03
  0.13464E+03
  0.17545E+03
  0.23456E+03
  0.29534E+03
  0.37179E+03
  0.42101E+03
  0.47073E+03
  0.50260E+03
  0.52037E+03
  0.48352E+03
  0.37565E+03
  0.24415E+03
  0.11484E+03
  0.32757E+02
 -0.42780E+02
 -0.12327E+03
 -0.20682E+03
 -0.27453E+03
 -0.31916E+03
 -0.36717E+03
 -0.40291E+03
 -0.41292E+03
 -0.39063E+03
 -0.38278E+03
 -0.36295E+03
 -0.35876E+03
 -0.33200E+03
 -0.30389E+03
 -0.28313E+03
 -0.26358E+03
 -0.26225E+03
 -0.20174E+03
  0.28186E+00
  0.34982E+01
  0.65449E+01
  0.93435E+01
  0.11854E+02
  0.14055E+02
  0.15915E+02
  0.17374E+02
  0.18352E+02
  0.18773E+02
  0.18606E+02
  0.17885E+02
  0.16720E+02
  0.15281E+02
  0.13767E+02
  0.12384E+02
  0.11296E+02
  0.10599E+02
  0.10286E+02
  0.10243E+02
  0.10261E+02
  0.10111E+02
  0.96082E+01
  0.86568E+01
  0.72499E+01
  0.54584E+01
  0.34372E+01
  0.14388E+01
 -0.20511E+00
 -0.11706E+01
 -0.12677E+01
 -0.51676E+00
  0.87481E+00
  0.43468E+01
  0.10995E+02
  0.39809E+02
 -0.24118E+06
 -0.26196E+06
 -0.27002E+06
 -0.27850E+06
 -0.27768E+06
 -0.28865E+06
 -0.29229E+06
 -0.29031E+06
 -0.27985E+06
 -0.24932E+06
 -0.21646E+06
 -0.18306E+06
 -0.16528E+06
 -0.14581E+06
 -0.13003E+06
 -0.12552E+06
 -0.11184E+06
 -0.11889E+06
 -0.12292E+06
 -0.12489E+06
 -0.12117E+06
 -0.11244E+06
 -0.10346E+06
 -0.84187E+05
 -0.70669E+05
 -0.56402E+05
 -0.46260E+05
 -0.39377E+05
 -0.32686E+05
 -0.24633E+05
 -0.14294E+05
 -0.37871E+04
  0.58453E+04
  0.13658E+05
  0.22050E+05
  0.22008E+05
  0.00000E+00
  0.00000E+00
  0.00000E+00
  0.00000E+00
  0.00000E+00
  0.00000E+00
 -0.00000E+00
 -0.00000E+00
 -0.00000E+00
 -0.00000E+00
 -0.00000E+00
 -0.00000E+00
 -0.62821E+02
 -0.60797E+02
 -0.67425E+02
 -0.82071E+02
 -0.96987E+02
 -0.11512E+03
 -0.13497E+03
 -0.15242E+03
 -0.16334E+03
 -0.16289E+03
 -0.14551E+03
 -0.12696E+03
 -0.99467E+02
 -0.67496E+02
 -0.32808E+02
  0.32378E+01
  0.40735E+02
  0.75648E+02
  0.11072E+03
  0.14228E+03
  0.17208E+03
  0.19349E+03
  0.21291E+03
  0.22313E+03
  0.00000E+00
  0.00000E+00
  0.00000E+00
  0.00000E+00
  0.00000E+00
  0.00000E+00
 -0.00000E+00
 -0.00000E+00
 -0.00000E+00
 -0.00000E+00
 -0.00000E+00
 -0.00000E+00
  0.18124E+00
  0.11445E+01
  0.15781E+01
  0.14703E+01
  0.45567E+01
 -0.13958E+01
 -0.22284E+02
 -0.57872E+02
 -0.10922E+03
 -0.16648E+03
 -0.22591E+03
 -0.26243E+03
 -0.27675E+03
 -0.26772E+03
 -0.26212E+03
 -0.23740E+03
 -0.20803E+03
 -0.20204E+03
 -0.20929E+03
 -0.24869E+03
 -0.30374E+03
 -0.35450E+03
 -0.39029E+03
 -0.39380E+03
  0.00000E+00
  0.00000E+00
  0.00000E+00
  0.00000E+00
  0.00000E+00
  0.00000E+00
  0.00000E+00
  0.00000E+00
  0.00000E+00
  0.00000E+00
  0.00000E+00
  0.00000E+00
  0.25991E+06
  0.23504E+06
  0.21046E+06
  0.17912E+06
  0.13885E+06
  0.10685E+06
  0.80734E+05
  0.60065E+05
  0.43632E+05
  0.29678E+05
  0.15925E+05
  0.39109E+04
 -0.75977E+04
 -0.17200E+05
 -0.23735E+05
 -0.28801E+05
 -0.29615E+05
 -0.26750E+05
 -0.22512E+05
 -0.14050E+05
 -0.41926E+04
  0.63407E+04
  0.15855E+05
  0.22840E+05
  0.00000E+00
 -0.00000E+00
 -0.00000E+00
 -0.00000E+00
 -0.00000E+00
 -0.00000E+00
 -0.00000E+00
 -0.00000E+00
 -0.00000E+00
 -0.00000E+00
 -0.00000E+00
 -0.00000E+00
 -0.20880E+03
 -0.68633E+02
 -0.39110E+02
 -0.28067E+02
 -0.23963E+02
 -0.17185E+02
 -0.13547E+02
 -0.27618E+01
  0.82292E+01
  0.20393E+02
  0.44197E+02
  0.70231E+02
  0.93293E+02
  0.11046E+03
  0.13896E+03
  0.15366E+03
  0.16097E+03
  0.18051E+03
  0.16862E+03
  0.15366E+03
  0.14994E+03
  0.12654E+03
  0.98874E+02
  0.77365E+02
 -0.00000E+00
 -0.00000E+00
 -0.00000E+00
 -0.00000E+00
 -0.00000E+00
 -0.00000E+00
 -0.00000E+00
 -0.00000E+00
 -0.00000E+00
 -0.00000E+00
 -0.00000E+00
 -0.00000E+00
  0.18465E+01
  0.52209E+01
  0.85330E+01
  0.11473E+02
  0.13767E+02
  0.15199E+02
  0.15628E+02
  0.14992E+02
  0.13327E+02
  0.10774E+02
  0.75877E+01
  0.40992E+01
  0.65262E+00
 -0.24674E+01
 -0.50845E+01
 -0.71336E+01
 -0.86263E+01
 -0.96056E+01
 -0.10122E+02
 -0.10236E+02
 -0.10028E+02
 -0.95983E+01
 -0.90533E+01
 -0.84956E+01
 -0.00000E+00
 -0.00000E+00
 -0.00000E+00
 -0.00000E+00
 -0.00000E+00
 -0.00000E+00
  0.00000E+00
  0.00000E+00
  0.00000E+00
  0.00000E+00
  0.00000E+00
  0.00000E+00
  0.35283E+05
  0.25270E+05
  0.17559E+05
  0.10610E+05
  0.54490E+04
  0.97706E+03
 -0.29663E+04
 -0.62121E+04
 -0.72474E+04
 -0.40329E+04
 -0.67681E+02
  0.55586E+04
  0.13499E+05
  0.21754E+05
  0.33343E+05
  0.44520E+05
  0.57842E+05
  0.66325E+05
  0.66302E+05
  0.74289E+05
  0.75931E+05
  0.71785E+05
  0.76036E+05
  0.70246E+05
