 -0.17529E+03
 -0.76816E+02
  0.37550E+02
  0.15835E+03
  0.27223E+03
  0.30031E+03
  0.28402E+03
  0.32757E+03
  0.43195E+03
  0.52934E+03
  0.57888E+03
  0.59809E+03
  0.62943E+03
  0.69492E+03
  0.75028E+03
  0.81946E+03
  0.87390E+03
  0.91271E+03
  0.90354E+03
  0.86553E+03
  0.77820E+03
  0.64707E+03
  0.49283E+03
  0.32594E+03
  0.15560E+03
  0.31210E+02
 -0.43853E+02
 -0.78066E+02
 -0.85075E+02
 -0.75848E+02
 -0.58549E+02
 -0.40883E+02
 -0.25279E+02
 -0.82453E+01
  0.58362E+01
  0.15772E+02
  0.34539E+01
  0.24138E+01
  0.10168E+01
 -0.58913E+00
 -0.22407E+01
 -0.38349E+01
 -0.53639E+01
 -0.68961E+01
 -0.85317E+01
 -0.10360E+02
 -0.12424E+02
 -0.14702E+02
 -0.17100E+02
 -0.19458E+02
 -0.21572E+02
 -0.23199E+02
 -0.24083E+02
 -0.23986E+02
 -0.22754E+02
 -0.25103E+02
 -0.35935E+02
 -0.44470E+02
 -0.47629E+02
 -0.40758E+02
 -0.21751E+02
  0.12446E+02
  0.44628E+02
  0.51708E+02
  0.26377E+02
 -0.22858E+02
 -0.81548E+02
 -0.13370E+03
 -0.16064E+03
 -0.17567E+03
 -0.16275E+03
 -0.13847E+03
 -0.41352E+05
 -0.38603E+04
  0.25818E+05
  0.50076E+05
  0.76484E+05
  0.10310E+06
  0.10999E+06
  0.11778E+06
  0.11981E+06
  0.12228E+06
  0.10002E+06
  0.84109E+05
  0.60721E+05
  0.33744E+05
  0.35819E+04
 -0.23545E+05
 -0.45337E+05
 -0.56094E+05
 -0.55026E+05
 -0.43030E+05
 -0.19484E+05
  0.12680E+05
  0.49733E+05
  0.87633E+05
  0.11291E+06
  0.11627E+06
  0.10992E+06
  0.94574E+05
  0.72967E+05
  0.50600E+05
  0.29563E+05
  0.12432E+05
 -0.22900E+04
 -0.13969E+05
 -0.22391E+05
 -0.26703E+05
 -0.32696E+03
 -0.34366E+03
 -0.37469E+03
 -0.40636E+03
 -0.44539E+03
 -0.47288E+03
 -0.47965E+03
 -0.49375E+03
 -0.47229E+03
 -0.44614E+03
 -0.41268E+03
 -0.37644E+03
 -0.35109E+03
 -0.34008E+03
 -0.32214E+03
 -0.33177E+03
 -0.34327E+03
 -0.32297E+03
 -0.30120E+03
 -0.25946E+03
 -0.21541E+03
 -0.17942E+03
 -0.15522E+03
 -0.14275E+03
 -0.17010E+03
 -0.19058E+03
 -0.21371E+03
 -0.24226E+03
 -0.25374E+03
 -0.25605E+03
 -0.26749E+03
 -0.23010E+03
 -0.17677E+03
 -0.12590E+03
 -0.69187E+02
 -0.10892E+02
 -0.64591E+01
 -0.60721E+01
 -0.53791E+01
 -0.42899E+01
 -0.27750E+01
 -0.92141E+00
  0.10673E+01
  0.29320E+01
  0.44306E+01
  0.53747E+01
  0.56351E+01
  0.51502E+01
  0.39444E+01
  0.21459E+01
 -0.17477E-01
 -0.22440E+01
 -0.00000E+00
 -0.55030E+01
 -0.58688E+01
 -0.50942E+01
 -0.31911E+01
 -0.39664E+00
  0.43630E+01
  0.17011E+02
  0.33656E+02
  0.72334E+02
  0.10490E+03
  0.13827E+03
  0.16479E+03
  0.20027E+03
  0.21027E+03
  0.25787E+03
  0.27997E+03
  0.31717E+03
  0.35741E+03
  0.37455E+03
 -0.14440E+06
 -0.15507E+06
 -0.17338E+06
 -0.18824E+06
 -0.20196E+06
 -0.20700E+06
 -0.19224E+06
 -0.16598E+06
 -0.13133E+06
 -0.92056E+05
 -0.46397E+05
  0.17691E+04
  0.48345E+05
  0.83753E+05
  0.10745E+06
  0.11888E+06
  0.12207E+06
  0.12188E+06
  0.12252E+06
  0.12089E+06
  0.11300E+06
  0.10637E+06
  0.93315E+05
  0.69710E+05
  0.53468E+05
  0.27103E+05
  0.38488E+04
 -0.14767E+05
 -0.27766E+05
 -0.37484E+05
 -0.49262E+05
 -0.53163E+05
 -0.51917E+05
 -0.53302E+05
 -0.53915E+05
 -0.56518E+05
  0.31385E+00
  0.82000E+02
  0.14972E+03
  0.20619E+03
  0.25145E+03
  0.29859E+03
  0.34318E+03
  0.37235E+03
  0.41738E+03
  0.43925E+03
  0.47652E+03
  0.51404E+03
  0.55934E+03
  0.56994E+03
  0.51239E+03
  0.41901E+03
  0.29491E+03
  0.24296E+03
  0.19189E+03
  0.15651E+03
  0.10992E+03
  0.52765E+02
 -0.31513E+01
 -0.54593E+02
 -0.10218E+03
 -0.14005E+03
 -0.16151E+03
 -0.18393E+03
 -0.19592E+03
 -0.20989E+03
 -0.20050E+03
 -0.17665E+03
 -0.14346E+03
 -0.10024E+03
 -0.55573E+02
 -0.23833E+01
  0.38704E+01
  0.13073E+01
 -0.15668E+01
 -0.46337E+01
 -0.77196E+01
 -0.10643E+02
 -0.13255E+02
 -0.15443E+02
 -0.17118E+02
 -0.18202E+02
 -0.18621E+02
 -0.18320E+02
 -0.17279E+02
 -0.15532E+02
 -0.13180E+02
 -0.10397E+02
 -0.74128E+01
 -0.44867E+01
 -0.18832E+01
  0.15080E+00
  0.14230E+01
  0.18467E+01
  0.14675E+01
  0.43672E+00
 -0.10397E+01
 -0.27293E+01
 -0.43666E+01
 -0.56447E+01
 -0.62535E+01
 -0.59781E+01
 -0.48012E+01
 -0.29204E+01
 -0.67126E+00
  0.26422E+01
  0.89442E+01
  0.34104E+02
 -0.59954E+05
 -0.26407E+05
  0.10945E+05
  0.50622E+05
  0.89811E+05
  0.13332E+06
  0.17254E+06
  0.20310E+06
  0.21818E+06
  0.20421E+06
  0.17393E+06
  0.13046E+06
  0.85720E+05
  0.28274E+05
 -0.34527E+05
 -0.10179E+06
 -0.15034E+06
 -0.21076E+06
 -0.25334E+06
 -0.27852E+06
 -0.28145E+06
 -0.26743E+06
 -0.25079E+06
 -0.20831E+06
 -0.17922E+06
 -0.14747E+06
 -0.12606E+06
 -0.11447E+06
 -0.10637E+06
 -0.98832E+05
 -0.87487E+05
 -0.77519E+05
 -0.69640E+05
 -0.64858E+05
 -0.73295E+05
 -0.65289E+05
 -0.00000E+00
 -0.00000E+00
 -0.00000E+00
 -0.00000E+00
 -0.00000E+00
 -0.00000E+00
 -0.00000E+00
 -0.00000E+00
  0.00000E+00
  0.00000E+00
  0.00000E+00
  0.00000E+00
  0.37762E+03
  0.41389E+03
  0.44588E+03
  0.45442E+03
  0.41176E+03
  0.36723E+03
  0.33132E+03
  0.30173E+03
  0.27665E+03
  0.25263E+03
  0.22308E+03
  0.20995E+03
  0.19720E+03
  0.18697E+03
  0.17730E+03
  0.17114E+03
  0.15900E+03
  0.13903E+03
  0.12113E+03
  0.10087E+03
  0.82947E+02
  0.67435E+02
  0.60063E+02
  0.60113E+02
 -0.00000E+00
 -0.00000E+00
 -0.00000E+00
 -0.00000E+00
  0.00000E+00
  0.00000E+00
  0.00000E+00
  0.00000E+00
  0.00000E+00
  0.00000E+00
  0.00000E+00
  0.00000E+00
  0.16960E+02
  0.15032E+02
  0.12567E+02
  0.97584E+01
  0.34898E+02
  0.35498E+02
  0.16931E+01
 -0.60017E+02
 -0.14260E+03
 -0.22800E+03
 -0.30794E+03
 -0.34935E+03
 -0.35706E+03
 -0.33213E+03
 -0.30596E+03
 -0.24626E+03
 -0.16899E+03
 -0.99902E+02
 -0.35656E+02
  0.12428E+02
  0.39616E+02
  0.34774E+02
 -0.50326E+01
 -0.73148E+02
  0.00000E+00
  0.00000E+00
  0.00000E+00
  0.00000E+00
  0.00000E+00
 -0.00000E+00
 -0.00000E+00
 -0.00000E+00
 -0.00000E+00
 -0.00000E+00
 -0.00000E+00
 -0.00000E+00
 -0.87592E+05
 -0.77746E+05
 -0.57743E+05
 -0.26624E+05
  0.84899E+04
  0.38567E+05
  0.60422E+05
  0.73396E+05
  0.78776E+05
  0.77704E+05
  0.67278E+05
  0.56205E+05
  0.38017E+05
  0.19607E+05
  0.23509E+04
 -0.12511E+05
 -0.24440E+05
 -0.32984E+05
 -0.41669E+05
 -0.46118E+05
 -0.50345E+05
 -0.53169E+05
 -0.55106E+05
 -0.56144E+05
 -0.00000E+00
  0.00000E+00
  0.00000E+00
  0.00000E+00
  0.00000E+00
  0.00000E+00
  0.00000E+00
  0.00000E+00
  0.00000E+00
  0.00000E+00
  0.00000E+00
  0.00000E+00
  0.23214E+03
  0.11862E+03
  0.10564E+03
  0.11826E+03
  0.15760E+03
  0.18192E+03
  0.26749E+03
  0.24918E+03
  0.27115E+03
  0.26353E+03
  0.33352E+03
  0.35415E+03
  0.33451E+03
  0.28891E+03
  0.26402E+03
  0.20335E+03
  0.13179E+03
  0.61787E+02
 -0.23363E+02
 -0.10026E+03
 -0.18460E+03
 -0.24285E+03
 -0.27603E+03
 -0.30872E+03
 -0.00000E+00
 -0.00000E+00
 -0.00000E+00
 -0.00000E+00
 -0.00000E+00
 -0.00000E+00
 -0.00000E+00
 -0.00000E+00
 -0.00000E+00
 -0.00000E+00
 -0.00000E+00
  0.00000E+00
  0.15491E+01
  0.27012E+01
  0.37467E+01
  0.47169E+01
  0.56300E+01
  0.64917E+01
  0.72953E+01
  0.80219E+01
  0.86438E+01
  0.91318E+01
  0.94630E+01
  0.96248E+01
  0.96144E+01
  0.94329E+01
  0.90800E+01
  0.85520E+01
  0.78465E+01
  0.69754E+01
  0.59804E+01
  0.49357E+01
  0.39315E+01
  0.30465E+01
  0.23322E+01
  0.18161E+01
  0.00000E+00
  0.00000E+00
  0.00000E+00
 -0.00000E+00
 -0.00000E+00
 -0.00000E+00
 -0.00000E+00
 -0.00000E+00
 -0.00000E+00
 -0.00000E+00
 -0.00000E+00
 -0.00000E+00
  0.28183E+05
  0.54234E+05
  0.75377E+05
  0.82961E+05
  0.81420E+05
  0.66616E+05
  0.42021E+05
  0.15856E+05
 -0.55233E+04
 -0.12254E+05
 -0.11926E+05
 -0.10150E+05
 -0.78702E+04
 -0.61303E+04
 -0.73556E+04
 -0.11346E+05
 -0.19483E+05
 -0.29669E+05
 -0.38270E+05
 -0.53513E+05
 -0.66057E+05
 -0.72991E+05
 -0.87372E+05
 -0.88145E+05
